55.944425,-3.188396,WSW,55.94431019497029,-3.1886731638597534,17.967177490367067,307.6138422868435
55.94431019497029,-3.1886731638597534,WSW,55.94419538994058,-3.188950327719507,89.70792575958765,397.2341596853246
55.94419538994058,-3.188950327719507,WSW,55.94408058491087,-3.18922749157926,89.70792575958765,395.9841596853246
55.94408058491087,-3.18922749157926,SW,55.943868452876515,-3.189439623613616,89.70792575958765,394.7341596853246
55.943868452876515,-3.189439623613616,ENE,55.943983257906226,-3.1891624597538626,89.70792575958765,393.4841596853246
55.943983257906226,-3.1891624597538626,NE,55.94419538994058,-3.188950327719507,89.70792575958765,392.2341596853246
55.94419538994058,-3.188950327719507,SW,55.943983257906226,-3.1891624597538626,89.70792575958765,390.9841596853246
55.943983257906226,-3.1891624597538626,SW,55.94377112587187,-3.1893745917882184,89.70792575958765,389.7341596853246
55.94377112587187,-3.1893745917882184,SSW,55.94349396201211,-3.189489396817928,89.70792575958765,388.4841596853246
55.94349396201211,-3.189489396817928,SW,55.94328182997776,-3.1897015288522836,89.70792575958765,387.2341596853246
55.94328182997776,-3.1897015288522836,NE,55.94349396201211,-3.189489396817928,89.70792575958765,385.9841596853246
55.94349396201211,-3.189489396817928,NW,55.94370609404647,-3.1897015288522836,89.70792575958765,384.7341596853246
55.94370609404647,-3.1897015288522836,W,55.94370609404647,-3.190001528852284,118.49432316167639,486.7641032232491
55.94370609404647,-3.190001528852284,NNE,55.943983257906226,-3.1898867238225743,118.49432316167639,485.5141032232491
55.943983257906226,-3.1898867238225743,WNW,55.944098062935936,-3.1901638876823277,232.45327603612168,549.6344923864685
55.944098062935936,-3.1901638876823277,SW,55.94388593090158,-3.1903760197166835,239.83836914754454,574.0711159544427
55.94388593090158,-3.1903760197166835,E,55.94388593090158,-3.1900760197166833,239.83836914754454,572.8211159544427
55.94388593090158,-3.1900760197166833,SW,55.94367379886722,-3.190288151751039,239.83836914754454,571.5711159544427
55.94367379886722,-3.190288151751039,SSW,55.94339663500747,-3.1904029567807486,239.83836914754454,570.3211159544427
55.94339663500747,-3.1904029567807486,ESE,55.94328182997776,-3.190125792920995,239.83836914754454,569.0711159544427
55.94328182997776,-3.190125792920995,W,55.94328182997776,-3.1904257929209954,239.83836914754454,567.8211159544427
55.94328182997776,-3.1904257929209954,SSW,55.943004666118,-3.190540597950705,239.83836914754454,566.5711159544427
55.943004666118,-3.190540597950705,SSW,55.94272750225824,-3.1906554029804144,239.83836914754454,565.3211159544427
55.94272750225824,-3.1906554029804144,ENE,55.942842307287954,-3.190378239120661,239.83836914754454,564.0711159544427
55.942842307287954,-3.190378239120661,WSW,55.94272750225824,-3.1906554029804144,239.83836914754454,562.8211159544427
55.94272750225824,-3.1906554029804144,NNW,55.943004666118,-3.190770208010124,239.83836914754454,561.5711159544427
55.943004666118,-3.190770208010124,NNW,55.94328182997776,-3.1908850130398334,239.83836914754454,560.3211159544427
55.94328182997776,-3.1908850130398334,ENE,55.94339663500747,-3.19060784918008,239.83836914754454,559.0711159544427
55.94339663500747,-3.19060784918008,SSW,55.94311947114771,-3.1907226542097895,239.83836914754454,557.8211159544427
55.94311947114771,-3.1907226542097895,NNE,55.94339663500747,-3.19060784918008,239.83836914754454,556.5711159544427
55.94339663500747,-3.19060784918008,SSE,55.94311947114771,-3.1904930441503705,239.83836914754454,555.3211159544427
55.94311947114771,-3.1904930441503705,NE,55.94333160318207,-3.1902809121160147,239.83836914754454,554.0711159544427
55.94333160318207,-3.1902809121160147,ENE,55.94344640821178,-3.1900037482562613,239.83836914754454,552.8211159544427
55.94344640821178,-3.1900037482562613,NW,55.94365854024613,-3.190215880290617,239.83836914754454,551.5711159544427
55.94365854024613,-3.190215880290617,W,55.94365854024613,-3.1905158802906173,239.83836914754454,550.3211159544427
55.94365854024613,-3.1905158802906173,W,55.94365854024613,-3.1908158802906175,239.83836914754454,549.0711159544427
55.94365854024613,-3.1908158802906175,S,55.94335854024613,-3.1908158802906175,239.83836914754454,547.8211159544427
55.94335854024613,-3.1908158802906175,NW,55.94357067228049,-3.1910280123249732,239.83836914754454,546.5711159544427
55.94357067228049,-3.1910280123249732,SSW,55.94329350842073,-3.1911428173546827,239.83836914754454,545.3211159544427
55.94329350842073,-3.1911428173546827,SW,55.943081376386374,-3.1913549493890385,268.02988413670874,636.5033967481575
55.943081376386374,-3.1913549493890385,SE,55.94286924435202,-3.1911428173546827,268.02988413670874,635.2533967481575
55.94286924435202,-3.1911428173546827,ESE,55.94275443932231,-3.1908656534949293,268.02988413670874,634.0033967481575
55.94275443932231,-3.1908656534949293,E,55.94275443932231,-3.190565653494929,268.02988413670874,632.7533967481575
55.94275443932231,-3.190565653494929,ENE,55.94286924435202,-3.1902884896351758,268.02988413670874,631.5033967481575
55.94286924435202,-3.1902884896351758,ENE,55.94298404938173,-3.1900113257754223,268.02988413670874,630.2533967481575
55.94298404938173,-3.1900113257754223,WNW,55.94309885441144,-3.1902884896351758,268.02988413670874,629.0033967481575
55.94309885441144,-3.1902884896351758,ESE,55.94298404938173,-3.1900113257754223,268.02988413670874,627.7533967481575
55.94298404938173,-3.1900113257754223,WSW,55.94286924435202,-3.1902884896351758,268.02988413670874,626.5033967481575
55.94286924435202,-3.1902884896351758,NNW,55.943146408211774,-3.1904032946648853,268.02988413670874,625.2533967481575
55.943146408211774,-3.1904032946648853,WSW,55.943031603182064,-3.1906804585246387,268.02988413670874,624.0033967481575
55.943031603182064,-3.1906804585246387,SE,55.94281947114771,-3.190468326490283,268.02988413670874,622.7533967481575
55.94281947114771,-3.190468326490283,NE,55.943031603182064,-3.190256194455927,268.02988413670874,621.5033967481575
55.943031603182064,-3.190256194455927,NE,55.94324373521642,-3.1900440624215713,268.02988413670874,620.2533967481575
55.94324373521642,-3.1900440624215713,NNE,55.94352089907618,-3.189929257391862,268.02988413670874,619.0033967481575
55.94352089907618,-3.189929257391862,S,55.943220899076174,-3.189929257391862,268.02988413670874,617.7533967481575
55.943220899076174,-3.189929257391862,SSW,55.94294373521642,-3.1900440624215713,268.02988413670874,616.5033967481575
55.94294373521642,-3.1900440624215713,NW,55.94315586725077,-3.190256194455927,268.02988413670874,615.2533967481575
55.94315586725077,-3.190256194455927,SE,55.94294373521642,-3.1900440624215713,268.02988413670874,614.0033967481575
55.94294373521642,-3.1900440624215713,ESE,55.94282893018671,-3.189766898561818,268.02988413670874,612.7533967481575
55.94282893018671,-3.189766898561818,ESE,55.942714125156996,-3.1894897347020645,268.02988413670874,611.5033967481575
55.942714125156996,-3.1894897347020645,ENE,55.94282893018671,-3.189212570842311,347.14994649641875,706.7885753287939
55.94282893018671,-3.189212570842311,ESE,55.942714125156996,-3.1889354069825577,347.14994649641875,705.5385753287939
55.942714125156996,-3.1889354069825577,N,55.943014125157,-3.1889354069825577,347.14994649641875,704.2885753287939
55.943014125157,-3.1889354069825577,ESE,55.94289932012729,-3.1886582431228043,347.14994649641875,703.0385753287939
55.94289932012729,-3.1886582431228043,NE,55.943111452161645,-3.1884461110884486,347.14994649641875,701.7885753287939
55.943111452161645,-3.1884461110884486,WSW,55.942996647131935,-3.188723274948202,347.14994649641875,700.5385753287939
55.942996647131935,-3.188723274948202,W,55.942996647131935,-3.189023274948202,347.14994649641875,699.2885753287939
55.942996647131935,-3.189023274948202,SSW,55.94271948327218,-3.1891380799779117,347.14994649641875,698.0385753287939
55.94271948327218,-3.1891380799779117,N,55.94301948327218,-3.1891380799779117,347.14994649641875,696.7885753287939
55.94301948327218,-3.1891380799779117,S,55.94271948327218,-3.1891380799779117,347.14994649641875,695.5385753287939
55.94271948327218,-3.1891380799779117,NE,55.942931615306534,-3.188925947943556,347.14994649641875,694.2885753287939
55.942931615306534,-3.188925947943556,NW,55.94314374734089,-3.1891380799779117,347.14994649641875,693.0385753287939
55.94314374734089,-3.1891380799779117,SSW,55.942866583481134,-3.189252885007621,347.14994649641875,691.7885753287939
55.942866583481134,-3.189252885007621,ESE,55.942751778451424,-3.1889757211478678,347.14994649641875,690.5385753287939
55.942751778451424,-3.1889757211478678,E,55.942751778451424,-3.1886757211478676,347.14994649641875,689.2885753287939
55.942751778451424,-3.1886757211478676,N,55.94305177845143,-3.1886757211478676,347.14994649641875,688.0385753287939
55.94305177845143,-3.1886757211478676,NW,55.94326391048578,-3.1888878531822233,347.14994649641875,686.7885753287939
55.94326391048578,-3.1888878531822233,NE,55.94347604252014,-3.1886757211478676,347.14994649641875,685.5385753287939
55.94347604252014,-3.1886757211478676,NE,55.943688174554495,-3.188463589113512,347.14994649641875,684.2885753287939
55.943688174554495,-3.188463589113512,ENE,55.943802979584206,-3.1881864252537584,347.14994649641875,683.0385753287939
55.943802979584206,-3.1881864252537584,ENE,55.943917784613916,-3.187909261394005,363.48753508405997,803.2319144333309
55.943917784613916,-3.187909261394005,SW,55.94370565257956,-3.1881213934283608,363.48753508405997,801.9819144333309
55.94370565257956,-3.1881213934283608,SW,55.9434935205452,-3.1883335254627165,363.48753508405997,800.7319144333309
55.9434935205452,-3.1883335254627165,NE,55.94370565257956,-3.1881213934283608,363.48753508405997,799.4819144333309
55.94370565257956,-3.1881213934283608,N,55.94400565257956,-3.1881213934283608,363.48753508405997,798.2319144333309
55.94400565257956,-3.1881213934283608,ENE,55.94412045760927,-3.1878442295686074,363.48753508405997,796.9819144333309
55.94412045760927,-3.1878442295686074,N,55.944420457609276,-3.1878442295686074,464.88269566607244,852.9339614587612
55.944420457609276,-3.1878442295686074,ENE,55.944535262638986,-3.187567065708854,464.88269566607244,851.6839614587612
55.944535262638986,-3.187567065708854,SSE,55.94425809877923,-3.1874522606791444,464.88269566607244,850.4339614587612
55.94425809877923,-3.1874522606791444,N,55.94455809877923,-3.1874522606791444,464.88269566607244,849.1839614587612
55.94455809877923,-3.1874522606791444,ESE,55.94444329374952,-3.187175096819391,464.88269566607244,847.9339614587612
55.94444329374952,-3.187175096819391,E,55.94444329374952,-3.186875096819391,487.52994418001754,920.2687189994797
55.94444329374952,-3.186875096819391,NW,55.94465542578388,-3.1870872288537466,487.52994418001754,919.0187189994797
55.94465542578388,-3.1870872288537466,N,55.94495542578388,-3.1870872288537466,487.52994418001754,917.7687189994797
55.94495542578388,-3.1870872288537466,SSE,55.944678261924125,-3.186972423824037,487.52994418001754,916.5187189994797
55.944678261924125,-3.186972423824037,SSE,55.94440109806437,-3.1868576187943276,487.52994418001754,915.2687189994797
55.94440109806437,-3.1868576187943276,NE,55.944613230098724,-3.186645486759972,487.52994418001754,914.0187189994797
55.944613230098724,-3.186645486759972,NW,55.94482536213308,-3.1868576187943276,487.52994418001754,912.7687189994797
55.94482536213308,-3.1868576187943276,ESE,55.94471055710337,-3.186580454934574,487.52994418001754,911.5187189994797
55.94471055710337,-3.186580454934574,S,55.94441055710337,-3.186580454934574,487.52994418001754,910.2687189994797
55.94441055710337,-3.186580454934574,WSW,55.94429575207366,-3.1868576187943276,487.52994418001754,909.0187189994797
55.94429575207366,-3.1868576187943276,NE,55.94450788410801,-3.186645486759972,487.52994418001754,907.7687189994797
55.94450788410801,-3.186645486759972,NNW,55.94478504796777,-3.1867602917896813,487.52994418001754,906.5187189994797
55.94478504796777,-3.1867602917896813,NW,55.944997180002126,-3.186972423824037,487.52994418001754,905.2687189994797
55.944997180002126,-3.186972423824037,SE,55.94478504796777,-3.1867602917896813,487.52994418001754,904.0187189994797
55.94478504796777,-3.1867602917896813,NNW,55.945062211827526,-3.186875096819391,487.52994418001754,902.7687189994797
55.945062211827526,-3.186875096819391,WSW,55.944947406797816,-3.1871522606791443,487.52994418001754,901.5187189994797
55.944947406797816,-3.1871522606791443,E,55.944947406797816,-3.186852260679144,487.52994418001754,900.2687189994797
55.944947406797816,-3.186852260679144,N,55.94524740679782,-3.186852260679144,487.52994418001754,899.0187189994797
55.94524740679782,-3.186852260679144,E,55.94524740679782,-3.186552260679144,487.52994418001754,897.7687189994797
55.94524740679782,-3.186552260679144,NNE,55.945524570657575,-3.1864374556494344,523.6332098282902,934.3698381608252
55.945524570657575,-3.1864374556494344,ESE,55.945409765627865,-3.186160291789681,523.6332098282902,933.1198381608252
55.945409765627865,-3.186160291789681,WNW,55.945524570657575,-3.1864374556494344,523.6332098282902,931.8698381608252
55.945524570657575,-3.1864374556494344,WNW,55.945639375687286,-3.1867146195091878,523.6332098282902,930.6198381608252
55.945639375687286,-3.1867146195091878,WNW,55.945754180716996,-3.186991783368941,555.6467072003677,940.975919069153
55.945754180716996,-3.186991783368941,W,55.945754180716996,-3.1872917833689414,555.6467072003677,939.725919069153
55.945754180716996,-3.1872917833689414,NNE,55.94603134457675,-3.187176978339232,555.6467072003677,938.475919069153
55.94603134457675,-3.187176978339232,S,55.94573134457675,-3.187176978339232,555.6467072003677,937.225919069153
55.94573134457675,-3.187176978339232,SSW,55.94545418071699,-3.1872917833689414,555.6467072003677,935.975919069153
55.94545418071699,-3.1872917833689414,SSE,55.94517701685724,-3.187176978339232,555.6467072003677,934.725919069153
55.94517701685724,-3.187176978339232,WSW,55.945062211827526,-3.1874541421989853,555.6467072003677,933.475919069153
55.945062211827526,-3.1874541421989853,NNW,55.94533937568728,-3.1875689472286948,555.6467072003677,932.225919069153
55.94533937568728,-3.1875689472286948,N,55.945639375687286,-3.1875689472286948,555.6467072003677,930.975919069153
55.945639375687286,-3.1875689472286948,N,55.94593937568729,-3.1875689472286948,555.6467072003677,929.725919069153
55.94593937568729,-3.1875689472286948,NNE,55.946216539547045,-3.1874541421989853,555.6467072003677,928.475919069153
55.946216539547045,-3.1874541421989853,SE,55.94600440751269,-3.1872420101646295,555.6467072003677,927.225919069153
55.94600440751269,-3.1872420101646295,ESE,55.94588960248298,-3.186964846304876,555.6467072003677,925.975919069153
55.94588960248298,-3.186964846304876,W,55.94588960248298,-3.1872648463048763,555.6467072003677,924.725919069153
55.94588960248298,-3.1872648463048763,NNW,55.946166766342735,-3.187379651334586,555.6467072003677,923.475919069153
55.946166766342735,-3.187379651334586,W,55.946166766342735,-3.187679651334586,555.6467072003677,922.225919069153
55.946166766342735,-3.187679651334586,E,55.946166766342735,-3.187379651334586,555.6467072003677,920.975919069153
55.946166766342735,-3.187379651334586,ESE,55.946051961313024,-3.1871024874748324,555.6467072003677,919.725919069153
55.946051961313024,-3.1871024874748324,E,55.946051961313024,-3.186802487474832,555.6467072003677,918.475919069153
55.946051961313024,-3.186802487474832,ENE,55.946166766342735,-3.186525323615079,555.6467072003677,917.225919069153
55.946166766342735,-3.186525323615079,SSW,55.94588960248298,-3.1866401286447883,555.6467072003677,915.975919069153
55.94588960248298,-3.1866401286447883,ESE,55.94577479745327,-3.186362964785035,555.6467072003677,914.725919069153
55.94577479745327,-3.186362964785035,WSW,55.94565999242356,-3.1866401286447883,555.6467072003677,913.475919069153
55.94565999242356,-3.1866401286447883,SW,55.9454478603892,-3.186852260679144,555.6467072003677,912.225919069153
55.9454478603892,-3.186852260679144,WSW,55.94533305535949,-3.1871294245388975,555.6467072003677,910.975919069153
55.94533305535949,-3.1871294245388975,SE,55.945120923325135,-3.1869172925045417,555.6467072003677,909.725919069153
55.945120923325135,-3.1869172925045417,N,55.94542092332514,-3.1869172925045417,555.6467072003677,908.475919069153
55.94542092332514,-3.1869172925045417,WNW,55.94553572835485,-3.187194456364295,555.6467072003677,907.225919069153
55.94553572835485,-3.187194456364295,N,55.94583572835485,-3.187194456364295,555.6467072003677,905.975919069153
55.94583572835485,-3.187194456364295,NW,55.94604786038921,-3.187406588398651,555.6467072003677,904.725919069153
55.94604786038921,-3.187406588398651,E,55.94604786038921,-3.1871065883986507,555.6467072003677,903.475919069153
55.94604786038921,-3.1871065883986507,SE,55.94583572835485,-3.186894456364295,555.6467072003677,902.225919069153
55.94583572835485,-3.186894456364295,W,55.94583572835485,-3.187194456364295,555.6467072003677,900.975919069153
55.94583572835485,-3.187194456364295,WSW,55.94572092332514,-3.1874716202240485,555.6467072003677,899.725919069153
55.94572092332514,-3.1874716202240485,NE,55.9459330553595,-3.1872594881896927,555.6467072003677,898.475919069153
55.9459330553595,-3.1872594881896927,ESE,55.945818250329786,-3.1869823243299393,555.6467072003677,897.225919069153
55.945818250329786,-3.1869823243299393,S,55.94551825032978,-3.1869823243299393,555.6467072003677,895.975919069153
55.94551825032978,-3.1869823243299393,NW,55.94573038236414,-3.187194456364295,555.6467072003677,894.725919069153
55.94573038236414,-3.187194456364295,ESE,55.94561557733443,-3.1869172925045417,555.6467072003677,893.475919069153
55.94561557733443,-3.1869172925045417,SSE,55.94533841347467,-3.186802487474832,555.6467072003677,892.225919069153
55.94533841347467,-3.186802487474832,NNE,55.94561557733443,-3.1866876824451227,555.6467072003677,890.975919069153
55.94561557733443,-3.1866876824451227,NNE,55.945892741194186,-3.186572877415413,555.6467072003677,889.725919069153
55.945892741194186,-3.186572877415413,SSW,55.94561557733443,-3.1866876824451227,555.6467072003677,888.475919069153
55.94561557733443,-3.1866876824451227,NW,55.945827709368785,-3.1868998144794785,555.6467072003677,887.225919069153
55.945827709368785,-3.1868998144794785,NW,55.94603984140314,-3.1871119465138342,555.6467072003677,885.975919069153
55.94603984140314,-3.1871119465138342,WSW,55.94592503637343,-3.1873891103735876,555.6467072003677,884.725919069153
55.94592503637343,-3.1873891103735876,ENE,55.94603984140314,-3.1871119465138342,555.6467072003677,883.475919069153
55.94603984140314,-3.1871119465138342,SE,55.945827709368785,-3.1868998144794785,555.6467072003677,882.225919069153
55.945827709368785,-3.1868998144794785,NW,55.94603984140314,-3.1871119465138342,555.6467072003677,880.975919069153
55.94603984140314,-3.1871119465138342,S,55.94573984140314,-3.1871119465138342,555.6467072003677,879.725919069153
55.94573984140314,-3.1871119465138342,SE,55.94552770936878,-3.1868998144794785,555.6467072003677,878.475919069153
55.94552770936878,-3.1868998144794785,WNW,55.94564251439849,-3.187176978339232,555.6467072003677,877.225919069153
55.94564251439849,-3.187176978339232,ESE,55.94552770936878,-3.1868998144794785,555.6467072003677,875.975919069153
55.94552770936878,-3.1868998144794785,ENE,55.94564251439849,-3.186622650619725,555.6467072003677,874.725919069153
55.94564251439849,-3.186622650619725,NW,55.94585464643285,-3.186834782654081,555.6467072003677,873.475919069153
55.94585464643285,-3.186834782654081,E,55.94585464643285,-3.1865347826540806,555.6467072003677,872.225919069153
55.94585464643285,-3.1865347826540806,NNE,55.946131810292606,-3.186419977624371,555.6467072003677,870.975919069153
55.946131810292606,-3.186419977624371,SSW,55.94585464643285,-3.1865347826540806,555.6467072003677,869.725919069153
55.94585464643285,-3.1865347826540806,ENE,55.94596945146256,-3.1862576187943272,555.6467072003677,868.475919069153
55.94596945146256,-3.1862576187943272,ESE,55.94585464643285,-3.185980454934574,555.6467072003677,867.225919069153
55.94585464643285,-3.185980454934574,NW,55.946066778467205,-3.1861925869689296,555.6467072003677,865.975919069153
55.946066778467205,-3.1861925869689296,E,55.946066778467205,-3.1858925869689294,555.6467072003677,864.725919069153
55.946066778467205,-3.1858925869689294,ESE,55.945951973437495,-3.185615423109176,555.6467072003677,863.475919069153
55.945951973437495,-3.185615423109176,NW,55.94616410547185,-3.1858275551435318,555.6467072003677,862.225919069153
55.94616410547185,-3.1858275551435318,SSE,55.945886941612095,-3.1857127501138223,555.6467072003677,860.975919069153
55.945886941612095,-3.1857127501138223,N,55.9461869416121,-3.1857127501138223,555.6467072003677,859.725919069153
55.9461869416121,-3.1857127501138223,SSE,55.94590977775234,-3.1855979450841128,555.6467072003677,858.475919069153
55.94590977775234,-3.1855979450841128,S,55.94560977775234,-3.1855979450841128,555.6467072003677,857.225919069153
55.94560977775234,-3.1855979450841128,ESE,55.94549497272263,-3.1853207812243594,555.6467072003677,855.975919069153
55.94549497272263,-3.1853207812243594,SW,55.94528284068827,-3.185532913258715,555.6467072003677,854.725919069153
55.94528284068827,-3.185532913258715,NW,55.94549497272263,-3.185745045293071,555.6467072003677,853.475919069153
55.94549497272263,-3.185745045293071,NW,55.945707104756984,-3.1859571773274267,555.6467072003677,852.225919069153
55.945707104756984,-3.1859571773274267,SSW,55.94542994089723,-3.186071982357136,555.6467072003677,850.975919069153
55.94542994089723,-3.186071982357136,W,55.94542994089723,-3.1863719823571364,555.6467072003677,849.725919069153
55.94542994089723,-3.1863719823571364,NNE,55.945707104756984,-3.186257177327427,555.6467072003677,848.475919069153
55.945707104756984,-3.186257177327427,ENE,55.945821909786694,-3.1859800134676735,555.6467072003677,847.225919069153
55.945821909786694,-3.1859800134676735,WNW,55.945936714816405,-3.186257177327427,555.6467072003677,845.975919069153
55.945936714816405,-3.186257177327427,SE,55.94572458278205,-3.186045045293071,555.6467072003677,844.725919069153
55.94572458278205,-3.186045045293071,S,55.945424582782046,-3.186045045293071,555.6467072003677,843.475919069153
55.945424582782046,-3.186045045293071,WSW,55.945309777752335,-3.1863222091528245,555.6467072003677,842.225919069153
55.945309777752335,-3.1863222091528245,NNW,55.94558694161209,-3.186437014182534,555.6467072003677,840.975919069153
55.94558694161209,-3.186437014182534,NNW,55.94586410547185,-3.1865518192122435,555.6467072003677,839.725919069153
55.94586410547185,-3.1865518192122435,ENE,55.94597891050156,-3.18627465535249,555.6467072003677,838.475919069153
55.94597891050156,-3.18627465535249,NW,55.946191042535915,-3.186486787386846,555.6467072003677,837.225919069153
55.946191042535915,-3.186486787386846,SSW,55.94591387867616,-3.1866015924165554,555.6467072003677,835.975919069153
55.94591387867616,-3.1866015924165554,WSW,55.94579907364645,-3.186878756276309,555.6467072003677,834.725919069153
55.94579907364645,-3.186878756276309,SE,55.94558694161209,-3.186666624241953,555.6467072003677,833.475919069153
55.94558694161209,-3.186666624241953,N,55.945886941612095,-3.186666624241953,555.6467072003677,832.225919069153
55.945886941612095,-3.186666624241953,S,55.94558694161209,-3.186666624241953,555.6467072003677,830.975919069153
55.94558694161209,-3.186666624241953,W,55.94558694161209,-3.186966624241953,555.6467072003677,829.725919069153
55.94558694161209,-3.186966624241953,NE,55.94579907364645,-3.1867544922075974,555.6467072003677,828.475919069153
55.94579907364645,-3.1867544922075974,NW,55.946011205680804,-3.186966624241953,555.6467072003677,827.225919069153
55.946011205680804,-3.186966624241953,S,55.9457112056808,-3.186966624241953,555.6467072003677,825.975919069153
55.9457112056808,-3.186966624241953,W,55.9457112056808,-3.1872666242419534,555.6467072003677,824.725919069153
55.9457112056808,-3.1872666242419534,NNW,55.94598836954056,-3.187381429271663,555.6467072003677,823.475919069153
55.94598836954056,-3.187381429271663,NW,55.946200501574914,-3.1875935613060187,555.6467072003677,822.225919069153
55.946200501574914,-3.1875935613060187,S,55.94590050157491,-3.1875935613060187,555.6467072003677,820.975919069153
55.94590050157491,-3.1875935613060187,SE,55.945688369540555,-3.187381429271663,555.6467072003677,819.725919069153
55.945688369540555,-3.187381429271663,NW,55.94590050157491,-3.1875935613060187,555.6467072003677,818.475919069153
55.94590050157491,-3.1875935613060187,E,55.94590050157491,-3.1872935613060185,555.6467072003677,817.225919069153
55.94590050157491,-3.1872935613060185,NE,55.94611263360927,-3.1870814292716627,555.6467072003677,815.975919069153
55.94611263360927,-3.1870814292716627,E,55.94611263360927,-3.1867814292716625,555.6467072003677,814.725919069153
55.94611263360927,-3.1867814292716625,WSW,55.94599782857956,-3.187058593131416,555.6467072003677,813.475919069153
55.94599782857956,-3.187058593131416,NE,55.94620996061391,-3.18684646109706,555.6467072003677,812.225919069153
55.94620996061391,-3.18684646109706,E,55.94620996061391,-3.18654646109706,555.6467072003677,810.975919069153
55.94620996061391,-3.18654646109706,SSW,55.94593279675416,-3.1866612661267695,555.6467072003677,809.725919069153
55.94593279675416,-3.1866612661267695,SW,55.9457206647198,-3.1868733981611252,555.6467072003677,808.475919069153
55.9457206647198,-3.1868733981611252,E,55.9457206647198,-3.186573398161125,555.6467072003677,807.225919069153
55.9457206647198,-3.186573398161125,SSE,55.945443500860044,-3.1864585931314156,555.6467072003677,805.975919069153
55.945443500860044,-3.1864585931314156,SE,55.94523136882569,-3.18624646109706,555.6467072003677,804.725919069153
55.94523136882569,-3.18624646109706,S,55.944931368825685,-3.18624646109706,555.6467072003677,803.475919069153
55.944931368825685,-3.18624646109706,SSE,55.94465420496593,-3.1861316560673503,555.6467072003677,802.225919069153
55.94465420496593,-3.1861316560673503,SW,55.94444207293157,-3.186343788101706,555.6467072003677,800.975919069153
55.94444207293157,-3.186343788101706,ENE,55.94455687796128,-3.1860666242419526,555.6467072003677,799.725919069153
55.94455687796128,-3.1860666242419526,ESE,55.94444207293157,-3.1857894603821992,673.7988962207401,871.952620798244
55.94444207293157,-3.1857894603821992,S,55.94414207293157,-3.1857894603821992,673.7988962207401,870.702620798244
55.94414207293157,-3.1857894603821992,E,55.94414207293157,-3.185489460382199,785.9016357161345,871.140295226389
55.94414207293157,-3.185489460382199,N,55.94444207293157,-3.185489460382199,785.9016357161345,869.890295226389
55.94444207293157,-3.185489460382199,NNW,55.94471923679133,-3.1856042654119086,785.9016357161345,868.640295226389
55.94471923679133,-3.1856042654119086,NW,55.944931368825685,-3.1858163974462643,785.9016357161345,867.390295226389
55.944931368825685,-3.1858163974462643,NNW,55.94520853268544,-3.185931202475974,785.9016357161345,866.140295226389
55.94520853268544,-3.185931202475974,NE,55.9454206647198,-3.185719070441618,785.9016357161345,864.890295226389
55.9454206647198,-3.185719070441618,NE,55.945632796754154,-3.1855069384072623,785.9016357161345,863.640295226389
55.945632796754154,-3.1855069384072623,WNW,55.945747601783864,-3.1857841022670157,785.9016357161345,862.390295226389
55.945747601783864,-3.1857841022670157,E,55.945747601783864,-3.1854841022670155,785.9016357161345,861.140295226389
55.945747601783864,-3.1854841022670155,WNW,55.945862406813575,-3.185761266126769,785.9016357161345,859.890295226389
55.945862406813575,-3.185761266126769,S,55.94556240681357,-3.185761266126769,785.9016357161345,858.640295226389
55.94556240681357,-3.185761266126769,NW,55.94577453884793,-3.1859733981611247,785.9016357161345,857.390295226389
55.94577453884793,-3.1859733981611247,NW,55.945986670882284,-3.1861855301954805,785.9016357161345,856.140295226389
55.945986670882284,-3.1861855301954805,NW,55.94619880291664,-3.1863976622298362,785.9016357161345,854.890295226389
55.94619880291664,-3.1863976622298362,SE,55.945986670882284,-3.1861855301954805,785.9016357161345,853.640295226389
55.945986670882284,-3.1861855301954805,S,55.94568667088228,-3.1861855301954805,785.9016357161345,852.390295226389
55.94568667088228,-3.1861855301954805,NNE,55.94596383474204,-3.186070725165771,785.9016357161345,851.140295226389
55.94596383474204,-3.186070725165771,NE,55.946175966776394,-3.185858593131415,785.9016357161345,849.890295226389
55.946175966776394,-3.185858593131415,SSE,55.94589880291664,-3.1857437881017057,785.9016357161345,848.640295226389
55.94589880291664,-3.1857437881017057,ENE,55.94601360794635,-3.1854666242419523,785.9016357161345,847.390295226389
