55.944425,-3.188396,WNW,55.94453980502971,-3.1886731638597534,0.0,248.75
55.94453980502971,-3.1886731638597534,WNW,55.94465461005942,-3.188950327719507,0.0,247.5
55.94465461005942,-3.188950327719507,WNW,55.944769415089134,-3.18922749157926,0.0,246.25
55.944769415089134,-3.18922749157926,WNW,55.944884220118844,-3.1895046554390136,0.0,245.0
55.944884220118844,-3.1895046554390136,NW,55.9450963521532,-3.1897167874733694,8.921497525863145,250.80659552237825
55.9450963521532,-3.1897167874733694,W,55.9450963521532,-3.1900167874733696,8.921497525863145,249.55659552237825
55.9450963521532,-3.1900167874733696,WNW,55.94521115718291,-3.190293951333123,20.266124158480196,317.17806662684603
55.94521115718291,-3.190293951333123,NE,55.94542328921727,-3.190081819298767,23.31263046432913,366.05323789262815
55.94542328921727,-3.190081819298767,WNW,55.94553809424698,-3.1903589831585206,141.51316723335972,427.2963981541275
55.94553809424698,-3.1903589831585206,WNW,55.94565289927669,-3.190636147018274,141.51316723335972,426.0463981541275
55.94565289927669,-3.190636147018274,WNW,55.9457677043064,-3.1909133108780274,207.7683589025496,537.549288532335
55.9457677043064,-3.1909133108780274,ENE,55.94588250933611,-3.190636147018274,207.7683589025496,536.299288532335
55.94588250933611,-3.190636147018274,E,55.94588250933611,-3.190336147018274,248.6101169990028,602.6329494637619
55.94588250933611,-3.190336147018274,SW,55.94567037730175,-3.1905482790526296,248.6101169990028,601.3829494637619
55.94567037730175,-3.1905482790526296,SW,55.945458245267396,-3.1907604110869854,348.04135191108264,605.2834140894237
55.945458245267396,-3.1907604110869854,SSW,55.94518108140764,-3.190875216116695,348.04135191108264,604.0334140894237
55.94518108140764,-3.190875216116695,SW,55.94496894937328,-3.1910873481510507,416.554705823315,709.4722717739179
55.94496894937328,-3.1910873481510507,SW,55.94475681733893,-3.1912994801854064,416.554705823315,708.2222717739179
55.94475681733893,-3.1912994801854064,SW,55.94454468530457,-3.191511612219762,431.7161645127421,784.5285639512387
55.94454468530457,-3.191511612219762,W,55.94454468530457,-3.1918116122197624,431.7161645127421,783.2785639512387
55.94454468530457,-3.1918116122197624,SSW,55.944267521444814,-3.191926417249472,344.80226687476994,725.4124689798198
55.944267521444814,-3.191926417249472,WSW,55.944152716415104,-3.1922035811092253,384.6235555437265,729.8609089194005
55.944152716415104,-3.1922035811092253,ENE,55.944267521444814,-3.191926417249472,409.6933034366682,785.8691124124447
55.944267521444814,-3.191926417249472,SE,55.94405538941046,-3.191714285215116,420.8307168043863,840.5907165441171
55.94405538941046,-3.191714285215116,ESE,55.94394058438075,-3.1914371213553627,420.8307168043863,839.3407165441171
55.94394058438075,-3.1914371213553627,E,55.94394058438075,-3.1911371213553625,420.8307168043863,838.0907165441171
55.94394058438075,-3.1911371213553625,ESE,55.94382577935104,-3.190859957495609,420.8307168043863,836.8407165441171
55.94382577935104,-3.190859957495609,E,55.94382577935104,-3.190559957495609,420.8307168043863,835.5907165441171
55.94382577935104,-3.190559957495609,ESE,55.94371097432133,-3.1902827936358555,420.8307168043863,834.3407165441171
55.94371097432133,-3.1902827936358555,E,55.94371097432133,-3.1899827936358554,458.96059722312856,907.4224751048044
55.94371097432133,-3.1899827936358554,SW,55.94349884228697,-3.190194925670211,458.96059722312856,906.1724751048044
55.94349884228697,-3.190194925670211,E,55.94349884228697,-3.189894925670211,334.4422499026115,815.2606912906795
55.94349884228697,-3.189894925670211,E,55.94349884228697,-3.1895949256702107,334.4422499026115,814.0106912906795
55.94349884228697,-3.1895949256702107,ESE,55.94338403725726,-3.1893177618104573,292.6766887429721,689.7551820286326
55.94338403725726,-3.1893177618104573,E,55.94338403725726,-3.189017761810457,292.6766887429721,688.5051820286326
55.94338403725726,-3.189017761810457,E,55.94338403725726,-3.188717761810457,292.6766887429721,687.2551820286326
55.94338403725726,-3.188717761810457,E,55.94338403725726,-3.1884177618104568,292.6766887429721,686.0051820286326
55.94338403725726,-3.1884177618104568,ESE,55.94326923222755,-3.1881405979507034,292.6766887429721,684.7551820286326
55.94326923222755,-3.1881405979507034,E,55.94326923222755,-3.187840597950703,368.29990990150424,698.2292629562213
55.94326923222755,-3.187840597950703,NE,55.943481364261906,-3.1876284659163474,368.29990990150424,696.9792629562213
55.943481364261906,-3.1876284659163474,NNW,55.94375852812166,-3.187743270946057,489.7019488065949,744.3291000322341
55.94375852812166,-3.187743270946057,NE,55.94397066015602,-3.187531138911701,489.7019488065949,743.0791000322341
55.94397066015602,-3.187531138911701,NE,55.944182792190375,-3.1873190068773454,489.7019488065949,741.8291000322341
55.944182792190375,-3.1873190068773454,ENE,55.944297597220086,-3.187041843017592,489.7019488065949,740.5791000322341
55.944297597220086,-3.187041843017592,NE,55.94450972925444,-3.186829710983236,489.7019488065949,739.3291000322341
55.94450972925444,-3.186829710983236,ENE,55.94462453428415,-3.186552547123483,539.0036375421483,779.0494086392341
55.94462453428415,-3.186552547123483,NNW,55.94490169814391,-3.1866673521531923,539.0036375421483,777.7994086392341
55.94490169814391,-3.1866673521531923,WNW,55.94501650317362,-3.1869445160129457,539.0036375421483,776.5494086392341
55.94501650317362,-3.1869445160129457,NNW,55.945293667033376,-3.187059321042655,539.0036375421483,775.2994086392341
55.945293667033376,-3.187059321042655,N,55.94559366703338,-3.187059321042655,616.8597878699369,820.9719182190597
55.94559366703338,-3.187059321042655,N,55.94589366703338,-3.187059321042655,631.2870410463427,850.4608369982669
55.94589366703338,-3.187059321042655,S,55.94559366703338,-3.187059321042655,631.2870410463427,849.2108369982669
55.94559366703338,-3.187059321042655,S,55.945293667033376,-3.187059321042655,631.2870410463427,847.9608369982669
55.945293667033376,-3.187059321042655,S,55.94499366703337,-3.187059321042655,631.2870410463427,846.7108369982669
55.94499366703337,-3.187059321042655,S,55.94469366703337,-3.187059321042655,631.2870410463427,845.4608369982669
55.94469366703337,-3.187059321042655,S,55.94439366703337,-3.187059321042655,631.2870410463427,844.2108369982669
55.94439366703337,-3.187059321042655,S,55.944093667033364,-3.187059321042655,631.2870410463427,842.9608369982669
55.944093667033364,-3.187059321042655,SSE,55.94381650317361,-3.1869445160129457,631.2870410463427,841.7108369982669
55.94381650317361,-3.1869445160129457,S,55.943516503173605,-3.1869445160129457,660.864859472465,866.3423319151602
55.943516503173605,-3.1869445160129457,ESE,55.943401698143894,-3.1866673521531923,660.864859472465,865.0923319151602
55.943401698143894,-3.1866673521531923,ESE,55.943286893114184,-3.186390188293439,660.864859472465,863.8423319151602
55.943286893114184,-3.186390188293439,ESE,55.943172088084474,-3.1861130244336855,660.864859472465,862.5923319151602
55.943172088084474,-3.1861130244336855,ESE,55.94305728305476,-3.185835860573932,684.9569770354194,882.0084495148784
55.94305728305476,-3.185835860573932,ESE,55.94294247802505,-3.1855586967141787,684.9569770354194,880.7584495148784
55.94294247802505,-3.1855586967141787,SE,55.9427303459907,-3.185346564679823,691.8523701389114,881.3820086629358
55.9427303459907,-3.185346564679823,W,55.9427303459907,-3.185646564679823,691.8523701389114,880.1320086629358
55.9427303459907,-3.185646564679823,W,55.9427303459907,-3.1859465646798233,691.8523701389114,878.8820086629358
55.9427303459907,-3.1859465646798233,W,55.9427303459907,-3.1862465646798235,691.8523701389114,877.6320086629358
55.9427303459907,-3.1862465646798235,W,55.9427303459907,-3.1865465646798237,691.8523701389114,876.3820086629358
55.9427303459907,-3.1865465646798237,W,55.9427303459907,-3.186846564679824,691.8523701389114,875.1320086629358
55.9427303459907,-3.186846564679824,W,55.9427303459907,-3.187146564679824,691.8523701389114,873.8820086629358
55.9427303459907,-3.187146564679824,WNW,55.94284515102041,-3.1874237285395774,691.8523701389114,872.6320086629358
55.94284515102041,-3.1874237285395774,W,55.94284515102041,-3.1877237285395776,706.2343400428078,987.3572597928568
55.94284515102041,-3.1877237285395776,E,55.94284515102041,-3.1874237285395774,706.2343400428078,986.1072597928568
55.94284515102041,-3.1874237285395774,E,55.94284515102041,-3.1871237285395773,706.2343400428078,984.8572597928568
55.94284515102041,-3.1871237285395773,E,55.94284515102041,-3.186823728539577,706.2343400428078,983.6072597928568
55.94284515102041,-3.186823728539577,E,55.94284515102041,-3.186523728539577,706.2343400428078,982.3572597928568
55.94284515102041,-3.186523728539577,E,55.94284515102041,-3.1862237285395767,706.2343400428078,981.1072597928568
55.94284515102041,-3.1862237285395767,E,55.94284515102041,-3.1859237285395765,706.2343400428078,979.8572597928568
55.94284515102041,-3.1859237285395765,E,55.94284515102041,-3.1856237285395763,706.2343400428078,978.6072597928568
55.94284515102041,-3.1856237285395763,E,55.94284515102041,-3.185323728539576,706.2343400428078,977.3572597928568
55.94284515102041,-3.185323728539576,E,55.94284515102041,-3.185023728539576,706.2343400428078,976.1072597928568
55.94284515102041,-3.185023728539576,E,55.94284515102041,-3.1847237285395757,706.2343400428078,974.8572597928568
55.94284515102041,-3.1847237285395757,E,55.94284515102041,-3.1844237285395756,784.6505164949853,975.5118006908983
55.94284515102041,-3.1844237285395756,NNW,55.94312231488016,-3.184538533569285,784.6505164949853,974.2618006908983
55.94312231488016,-3.184538533569285,NNW,55.94339947873992,-3.1846533385989946,852.3084131840258,1040.5994169245214
55.94339947873992,-3.1846533385989946,NNW,55.94367664259968,-3.184768143628704,852.3084131840258,1039.3494169245214
55.94367664259968,-3.184768143628704,NNW,55.94395380645943,-3.1848829486584136,852.3084131840258,1038.0994169245214
55.94395380645943,-3.1848829486584136,N,55.944253806459436,-3.1848829486584136,883.7037168637861,1146.8236294792496
55.944253806459436,-3.1848829486584136,NNW,55.94453097031919,-3.184997753688123,883.7037168637861,1145.5736294792496
55.94453097031919,-3.184997753688123,N,55.944830970319195,-3.184997753688123,883.7037168637861,1144.3236294792496
55.944830970319195,-3.184997753688123,NNW,55.94510813417895,-3.1851125587178326,883.7037168637861,1143.0736294792496
55.94510813417895,-3.1851125587178326,N,55.945408134178955,-3.1851125587178326,883.7037168637861,1141.8236294792496
55.945408134178955,-3.1851125587178326,NNW,55.94568529803871,-3.185227363747542,909.5376873225616,1251.9611178842667
55.94568529803871,-3.185227363747542,W,55.94568529803871,-3.1855273637475423,909.5376873225616,1250.7111178842667
55.94568529803871,-3.1855273637475423,W,55.94568529803871,-3.1858273637475425,909.5376873225616,1249.4611178842667
55.94568529803871,-3.1858273637475425,W,55.94568529803871,-3.1861273637475427,909.5376873225616,1248.2111178842667
55.94568529803871,-3.1861273637475427,W,55.94568529803871,-3.186427363747543,909.5376873225616,1246.9611178842667
55.94568529803871,-3.186427363747543,W,55.94568529803871,-3.186727363747543,909.5376873225616,1245.7111178842667
55.94568529803871,-3.186727363747543,W,55.94568529803871,-3.1870273637475433,909.5376873225616,1244.4611178842667
55.94568529803871,-3.1870273637475433,W,55.94568529803871,-3.1873273637475434,909.5376873225616,1243.2111178842667
55.94568529803871,-3.1873273637475434,W,55.94568529803871,-3.1876273637475436,909.5376873225616,1241.9611178842667
55.94568529803871,-3.1876273637475436,W,55.94568529803871,-3.187927363747544,909.5376873225616,1240.7111178842667
55.94568529803871,-3.187927363747544,W,55.94568529803871,-3.188227363747544,909.5376873225616,1239.4611178842667
55.94568529803871,-3.188227363747544,W,55.94568529803871,-3.188527363747544,909.5376873225616,1238.2111178842667
55.94568529803871,-3.188527363747544,W,55.94568529803871,-3.1888273637475444,1025.7787483595957,1256.1367315000505
55.94568529803871,-3.1888273637475444,W,55.94568529803871,-3.1891273637475446,1025.7787483595957,1254.8867315000505
55.94568529803871,-3.1891273637475446,W,55.94568529803871,-3.1894273637475448,1118.2760322448867,1359.8475255623541
55.94568529803871,-3.1894273637475448,WSW,55.945570493009,-3.189704527607298,1118.2760322448867,1358.5975255623541
55.945570493009,-3.189704527607298,WSW,55.94545568797929,-3.1899816914670516,1118.2760322448867,1357.3475255623541
55.94545568797929,-3.1899816914670516,WSW,55.94534088294958,-3.190258855326805,1118.2760322448867,1356.0975255623541
55.94534088294958,-3.190258855326805,WSW,55.94522607791987,-3.1905360191865584,1118.2760322448867,1354.8475255623541
55.94522607791987,-3.1905360191865584,WSW,55.94511127289016,-3.190813183046312,1118.2760322448867,1353.5975255623541
55.94511127289016,-3.190813183046312,WSW,55.94499646786045,-3.191090346906065,1118.2760322448867,1352.3475255623541
55.94499646786045,-3.191090346906065,WSW,55.94488166283074,-3.1913675107658186,1118.2760322448867,1351.0975255623541
55.94488166283074,-3.1913675107658186,WSW,55.94476685780103,-3.191644674625572,1118.2760322448867,1349.8475255623541
55.94476685780103,-3.191644674625572,W,55.94476685780103,-3.191944674625572,1140.536396414611,1350.9824280664334
55.94476685780103,-3.191944674625572,ENE,55.94488166283074,-3.191667510765819,1140.536396414611,1349.7324280664334
55.94488166283074,-3.191667510765819,ENE,55.94499646786045,-3.1913903469060654,1140.536396414611,1348.4824280664334
55.94499646786045,-3.1913903469060654,ENE,55.94511127289016,-3.191113183046312,1140.536396414611,1347.2324280664334
55.94511127289016,-3.191113183046312,ENE,55.94522607791987,-3.1908360191865586,1140.536396414611,1345.9824280664334
55.94522607791987,-3.1908360191865586,E,55.94522607791987,-3.1905360191865584,1140.536396414611,1344.7324280664334
55.94522607791987,-3.1905360191865584,ENE,55.94534088294958,-3.190258855326805,1140.536396414611,1343.4824280664334
55.94534088294958,-3.190258855326805,E,55.94534088294958,-3.189958855326805,1140.536396414611,1342.2324280664334
55.94534088294958,-3.189958855326805,ENE,55.94545568797929,-3.1896816914670514,1140.536396414611,1340.9824280664334
55.94545568797929,-3.1896816914670514,E,55.94545568797929,-3.189381691467051,1140.536396414611,1339.7324280664334
55.94545568797929,-3.189381691467051,ENE,55.945570493009,-3.189104527607298,1140.536396414611,1338.4824280664334
55.945570493009,-3.189104527607298,E,55.945570493009,-3.1888045276072976,1140.536396414611,1337.2324280664334
55.945570493009,-3.1888045276072976,ENE,55.94568529803871,-3.188527363747544,1140.536396414611,1335.9824280664334
55.94568529803871,-3.188527363747544,E,55.94568529803871,-3.188227363747544,1140.536396414611,1334.7324280664334
55.94568529803871,-3.188227363747544,ENE,55.94580010306842,-3.1879501998877906,1140.536396414611,1333.4824280664334
55.94580010306842,-3.1879501998877906,E,55.94580010306842,-3.1876501998877904,1140.536396414611,1332.2324280664334
55.94580010306842,-3.1876501998877904,ENE,55.94591490809813,-3.187373036028037,1140.536396414611,1330.9824280664334
55.94591490809813,-3.187373036028037,E,55.94591490809813,-3.187073036028037,1140.536396414611,1329.7324280664334
55.94591490809813,-3.187073036028037,ENE,55.94602971312784,-3.1867958721682834,1140.536396414611,1328.4824280664334
55.94602971312784,-3.1867958721682834,E,55.94602971312784,-3.1864958721682832,1210.7062588286371,1328.7610064195194
55.94602971312784,-3.1864958721682832,W,55.94602971312784,-3.1867958721682834,1210.7062588286371,1327.5110064195194
55.94602971312784,-3.1867958721682834,W,55.94602971312784,-3.1870958721682836,1210.7062588286371,1326.2610064195194
55.94602971312784,-3.1870958721682836,W,55.94602971312784,-3.187395872168284,1210.7062588286371,1325.0110064195194
55.94602971312784,-3.187395872168284,W,55.94602971312784,-3.187695872168284,1210.7062588286371,1323.7610064195194
55.94602971312784,-3.187695872168284,WSW,55.94591490809813,-3.1879730360280374,1210.7062588286371,1322.5110064195194
55.94591490809813,-3.1879730360280374,W,55.94591490809813,-3.1882730360280376,1210.7062588286371,1321.2610064195194
55.94591490809813,-3.1882730360280376,WSW,55.94580010306842,-3.188550199887791,1210.7062588286371,1320.0110064195194
55.94580010306842,-3.188550199887791,W,55.94580010306842,-3.188850199887791,1210.7062588286371,1318.7610064195194
55.94580010306842,-3.188850199887791,WSW,55.94568529803871,-3.1891273637475446,1210.7062588286371,1317.5110064195194
55.94568529803871,-3.1891273637475446,W,55.94568529803871,-3.1894273637475448,1210.7062588286371,1316.2610064195194
55.94568529803871,-3.1894273637475448,WSW,55.945570493009,-3.189704527607298,1210.7062588286371,1315.0110064195194
55.945570493009,-3.189704527607298,W,55.945570493009,-3.1900045276072984,1210.7062588286371,1313.7610064195194
55.945570493009,-3.1900045276072984,WSW,55.94545568797929,-3.1902816914670518,1210.7062588286371,1312.5110064195194
55.94545568797929,-3.1902816914670518,W,55.94545568797929,-3.190581691467052,1210.7062588286371,1311.2610064195194
55.94545568797929,-3.190581691467052,WSW,55.94534088294958,-3.1908588553268054,1210.7062588286371,1310.0110064195194
55.94534088294958,-3.1908588553268054,W,55.94534088294958,-3.1911588553268055,1210.7062588286371,1308.7610064195194
55.94534088294958,-3.1911588553268055,WSW,55.94522607791987,-3.191436019186559,1210.7062588286371,1307.5110064195194
55.94522607791987,-3.191436019186559,W,55.94522607791987,-3.191736019186559,1278.8933884282274,1406.7648839509066
55.94522607791987,-3.191736019186559,ESE,55.94511127289016,-3.1914588553268057,1278.8933884282274,1405.5148839509066
55.94511127289016,-3.1914588553268057,ESE,55.94499646786045,-3.1911816914670523,1278.8933884282274,1404.2648839509066
55.94499646786045,-3.1911816914670523,ENE,55.94511127289016,-3.190904527607299,1278.8933884282274,1403.0148839509066
55.94511127289016,-3.190904527607299,ESE,55.94499646786045,-3.1906273637475455,1278.8933884282274,1401.7648839509066
55.94499646786045,-3.1906273637475455,ESE,55.94488166283074,-3.190350199887792,1278.8933884282274,1400.5148839509066
55.94488166283074,-3.190350199887792,ESE,55.94476685780103,-3.1900730360280387,1278.8933884282274,1399.2648839509066
55.94476685780103,-3.1900730360280387,ESE,55.94465205277132,-3.1897958721682853,1278.8933884282274,1398.0148839509066
55.94465205277132,-3.1897958721682853,E,55.94465205277132,-3.189495872168285,1278.8933884282274,1396.7648839509066
55.94465205277132,-3.189495872168285,ESE,55.94453724774161,-3.1892187083085317,1278.8933884282274,1395.5148839509066
55.94453724774161,-3.1892187083085317,E,55.94453724774161,-3.1889187083085315,1278.8933884282274,1394.2648839509066
55.94453724774161,-3.1889187083085315,ESE,55.9444224427119,-3.188641544448778,1278.8933884282274,1393.0148839509066
55.9444224427119,-3.188641544448778,E,55.9444224427119,-3.188341544448778,1278.8933884282274,1391.7648839509066
55.9444224427119,-3.188341544448778,ESE,55.944307637682186,-3.1880643805890245,1278.8933884282274,1390.5148839509066
55.944307637682186,-3.1880643805890245,E,55.944307637682186,-3.1877643805890243,1278.8933884282274,1389.2648839509066
55.944307637682186,-3.1877643805890243,ESE,55.944192832652476,-3.187487216729271,1278.8933884282274,1388.0148839509066
55.944192832652476,-3.187487216729271,E,55.944192832652476,-3.1871872167292707,1278.8933884282274,1386.7648839509066
55.944192832652476,-3.1871872167292707,ESE,55.944078027622766,-3.1869100528695173,1278.8933884282274,1385.5148839509066
55.944078027622766,-3.1869100528695173,E,55.944078027622766,-3.186610052869517,1278.8933884282274,1384.2648839509066
55.944078027622766,-3.186610052869517,ESE,55.943963222593055,-3.1863328890097637,1278.8933884282274,1383.0148839509066
55.943963222593055,-3.1863328890097637,E,55.943963222593055,-3.1860328890097636,1278.8933884282274,1381.7648839509066
55.943963222593055,-3.1860328890097636,ESE,55.943848417563345,-3.18575572515001,1278.8933884282274,1380.5148839509066
55.943848417563345,-3.18575572515001,E,55.943848417563345,-3.18545572515001,1278.8933884282274,1379.2648839509066
55.943848417563345,-3.18545572515001,ESE,55.943733612533634,-3.1851785612902566,1278.8933884282274,1378.0148839509066
55.943733612533634,-3.1851785612902566,E,55.943733612533634,-3.1848785612902564,1278.8933884282274,1376.7648839509066
55.943733612533634,-3.1848785612902564,ESE,55.943618807503924,-3.184601397430503,1278.8933884282274,1375.5148839509066
55.943618807503924,-3.184601397430503,ESE,55.943504002474214,-3.1843242335707496,1347.8155876243993,1391.3817520933853
55.943504002474214,-3.1843242335707496,WNW,55.943618807503924,-3.184601397430503,1347.8155876243993,1390.1317520933853
55.943618807503924,-3.184601397430503,WNW,55.943733612533634,-3.1848785612902564,1347.8155876243993,1388.8817520933853
55.943733612533634,-3.1848785612902564,WNW,55.943848417563345,-3.1851557251500098,1347.8155876243993,1387.6317520933853
55.943848417563345,-3.1851557251500098,WNW,55.943963222593055,-3.185432889009763,1347.8155876243993,1386.3817520933853
55.943963222593055,-3.185432889009763,WNW,55.944078027622766,-3.1857100528695166,1347.8155876243993,1385.1317520933853
55.944078027622766,-3.1857100528695166,WNW,55.944192832652476,-3.18598721672927,1347.8155876243993,1383.8817520933853
55.944192832652476,-3.18598721672927,WNW,55.944307637682186,-3.1862643805890234,1347.8155876243993,1382.6317520933853
55.944307637682186,-3.1862643805890234,WNW,55.9444224427119,-3.186541544448777,1347.8155876243993,1381.3817520933853
55.9444224427119,-3.186541544448777,WNW,55.94453724774161,-3.18681870830853,1347.8155876243993,1380.1317520933853
55.94453724774161,-3.18681870830853,WNW,55.94465205277132,-3.1870958721682836,1347.8155876243993,1378.8817520933853
55.94465205277132,-3.1870958721682836,WNW,55.94476685780103,-3.187373036028037,1347.8155876243993,1377.6317520933853
55.94476685780103,-3.187373036028037,WNW,55.94488166283074,-3.1876501998877904,1347.8155876243993,1376.3817520933853
55.94488166283074,-3.1876501998877904,WNW,55.94499646786045,-3.187927363747544,1347.8155876243993,1375.1317520933853
55.94499646786045,-3.187927363747544,WNW,55.94511127289016,-3.1882045276072972,1347.8155876243993,1373.8817520933853
55.94511127289016,-3.1882045276072972,NW,55.945323404924515,-3.188416659641653,1347.8155876243993,1372.6317520933853
55.945323404924515,-3.188416659641653,WNW,55.945438209954226,-3.1886938235014064,1347.8155876243993,1371.3817520933853
55.945438209954226,-3.1886938235014064,W,55.945438209954226,-3.1889938235014066,1347.8155876243993,1370.1317520933853
55.945438209954226,-3.1889938235014066,W,55.945438209954226,-3.1892938235014068,1347.8155876243993,1368.8817520933853
55.945438209954226,-3.1892938235014068,W,55.945438209954226,-3.189593823501407,1347.8155876243993,1367.6317520933853
55.945438209954226,-3.189593823501407,W,55.945438209954226,-3.189893823501407,1347.8155876243993,1366.3817520933853
55.945438209954226,-3.189893823501407,WNW,55.945553014983936,-3.1901709873611606,1347.8155876243993,1365.1317520933853
55.945553014983936,-3.1901709873611606,W,55.945553014983936,-3.1904709873611607,1347.8155876243993,1363.8817520933853
55.945553014983936,-3.1904709873611607,WNW,55.94566782001365,-3.190748151220914,1347.8155876243993,1362.6317520933853
55.94566782001365,-3.190748151220914,W,55.94566782001365,-3.1910481512209143,1460.0999444055692,1457.434307458862
55.94566782001365,-3.1910481512209143,E,55.94566782001365,-3.190748151220914,1460.0999444055692,1456.184307458862
55.94566782001365,-3.190748151220914,E,55.94566782001365,-3.190448151220914,1460.0999444055692,1454.934307458862
55.94566782001365,-3.190448151220914,E,55.94566782001365,-3.1901481512209138,1460.0999444055692,1453.684307458862
55.94566782001365,-3.1901481512209138,E,55.94566782001365,-3.1898481512209136,1460.0999444055692,1452.434307458862
55.94566782001365,-3.1898481512209136,E,55.94566782001365,-3.1895481512209134,1460.0999444055692,1451.184307458862
55.94566782001365,-3.1895481512209134,E,55.94566782001365,-3.189248151220913,1460.0999444055692,1449.934307458862
55.94566782001365,-3.189248151220913,E,55.94566782001365,-3.188948151220913,1460.0999444055692,1448.684307458862
55.94566782001365,-3.188948151220913,E,55.94566782001365,-3.188648151220913,1460.0999444055692,1447.434307458862
55.94566782001365,-3.188648151220913,E,55.94566782001365,-3.1883481512209126,1460.0999444055692,1446.184307458862
55.94566782001365,-3.1883481512209126,E,55.94566782001365,-3.1880481512209125,1460.0999444055692,1444.934307458862
55.94566782001365,-3.1880481512209125,ESE,55.945553014983936,-3.187770987361159,1460.0999444055692,1443.684307458862
55.945553014983936,-3.187770987361159,E,55.945553014983936,-3.187470987361159,1460.0999444055692,1442.434307458862
55.945553014983936,-3.187470987361159,ESE,55.945438209954226,-3.1871938235014055,1460.0999444055692,1441.184307458862
55.945438209954226,-3.1871938235014055,E,55.945438209954226,-3.1868938235014053,1460.0999444055692,1439.934307458862
55.945438209954226,-3.1868938235014053,ENE,55.945553014983936,-3.186616659641652,1460.0999444055692,1438.684307458862
55.945553014983936,-3.186616659641652,ESE,55.945438209954226,-3.1863394957818985,1460.0999444055692,1437.434307458862
55.945438209954226,-3.1863394957818985,ESE,55.945323404924515,-3.186062331922145,1515.6740973953908,1489.8486250044052
55.945323404924515,-3.186062331922145,WSW,55.945208599894805,-3.1863394957818985,1515.6740973953908,1488.5986250044052
55.945208599894805,-3.1863394957818985,SW,55.94499646786045,-3.1865516278162542,1515.6740973953908,1487.3486250044052
55.94499646786045,-3.1865516278162542,WSW,55.94488166283074,-3.1868287916760076,1515.6740973953908,1486.0986250044052
55.94488166283074,-3.1868287916760076,WSW,55.94476685780103,-3.187105955535761,1515.6740973953908,1484.8486250044052
55.94476685780103,-3.187105955535761,WSW,55.94465205277132,-3.1873831193955144,1515.6740973953908,1483.5986250044052
55.94465205277132,-3.1873831193955144,WSW,55.94453724774161,-3.187660283255268,1515.6740973953908,1482.3486250044052
55.94453724774161,-3.187660283255268,WSW,55.9444224427119,-3.1879374471150212,1515.6740973953908,1481.0986250044052
55.9444224427119,-3.1879374471150212,WSW,55.944307637682186,-3.1882146109747747,1515.6740973953908,1479.8486250044052
55.944307637682186,-3.1882146109747747,WSW,55.944192832652476,-3.188491774834528,1515.6740973953908,1478.5986250044052
55.944192832652476,-3.188491774834528,WSW,55.944078027622766,-3.1887689386942815,1515.6740973953908,1477.3486250044052
55.944078027622766,-3.1887689386942815,WSW,55.943963222593055,-3.189046102554035,1515.6740973953908,1476.0986250044052
55.943963222593055,-3.189046102554035,WSW,55.943848417563345,-3.1893232664137883,1515.6740973953908,1474.8486250044052
55.943848417563345,-3.1893232664137883,SW,55.94363628552899,-3.189535398448144,1515.6740973953908,1473.5986250044052
55.94363628552899,-3.189535398448144,W,55.94363628552899,-3.1898353984481442,1434.2625899577733,1468.535991452319
55.94363628552899,-3.1898353984481442,W,55.94363628552899,-3.1901353984481444,1434.2625899577733,1467.285991452319
55.94363628552899,-3.1901353984481444,W,55.94363628552899,-3.1904353984481446,1434.2625899577733,1466.035991452319
55.94363628552899,-3.1904353984481446,W,55.94363628552899,-3.190735398448145,1434.2625899577733,1464.785991452319
55.94363628552899,-3.190735398448145,WSW,55.94352148049928,-3.191012562307898,1434.2625899577733,1463.535991452319
55.94352148049928,-3.191012562307898,W,55.94352148049928,-3.1913125623078984,1558.7817120276968,1488.1534659177025
55.94352148049928,-3.1913125623078984,E,55.94352148049928,-3.191012562307898,1558.7817120276968,1486.9034659177025
55.94352148049928,-3.191012562307898,ESE,55.94340667546957,-3.190735398448145,1558.7817120276968,1485.6534659177025
55.94340667546957,-3.190735398448145,E,55.94340667546957,-3.1904353984481446,1558.7817120276968,1484.4034659177025
55.94340667546957,-3.1904353984481446,ESE,55.94329187043986,-3.190158234588391,1558.7817120276968,1483.1534659177025
55.94329187043986,-3.190158234588391,E,55.94329187043986,-3.189858234588391,1558.7817120276968,1481.9034659177025
55.94329187043986,-3.189858234588391,ESE,55.94317706541015,-3.1895810707286376,1640.1912740940525,1563.4274004472734
55.94317706541015,-3.1895810707286376,WNW,55.94329187043986,-3.189858234588391,1640.1912740940525,1562.1774004472734
55.94329187043986,-3.189858234588391,WSW,55.94317706541015,-3.1901353984481444,1640.1912740940525,1560.9274004472734
55.94317706541015,-3.1901353984481444,NNE,55.9434542292699,-3.190020593418435,1640.1912740940525,1559.6774004472734
55.9434542292699,-3.190020593418435,WSW,55.94333942424019,-3.1902977572781883,1640.1912740940525,1558.4274004472734
